abrupt	0.070000	-0.100000	0.120000	-0.410000	0.110000
absent-minded	0.090000	-0.900000	-0.100000	0.020000	0.050000
abusive	-0.110000	-0.110000	0.010000	-0.460000	-0.030000
accommodating	0.010000	0.030000	0.020000	0.350000	-0.120000
acquiescent	-0.141057	0.093292	-0.243170	0.434717	0.179509
active	0.053194	0.237406	0.365915	0.116700	-0.058669
adaptable	0.106429	0.083062	0.071785	0.300305	-0.233265
adventurous	0.232217	-0.113397	0.286819	0.023301	-0.098683
affectionate	0.061378	0.010204	0.188113	0.494847	0.208316
aggressive	0.068292	-0.026003	0.255535	-0.326458	0.125627
agitated	-0.090000	0.070000	-0.110000	0.010000	0.630000
agreeable	0.032237	0.093354	0.073257	0.547668	-0.071282
aimless	-0.086451	-0.413765	-0.202002	-0.102142	-0.068266
alert	0.200000	0.360000	0.160000	0.110000	-0.090000
aloof	0.060000	-0.030000	-0.300000	-0.200000	0.030000
altruistic	0.220000	-0.030000	0.000000	0.250000	-0.060000
ambitious	0.070747	0.420222	0.237735	-0.050788	0.033187
amiable	0.270000	-0.080000	0.080000	0.400000	-0.080000
analytical	0.425403	0.347147	-0.071511	-0.028301	-0.004800
angry	-0.004604	-0.038453	0.020755	-0.294754	0.590114
animated	0.210000	-0.190000	0.130000	0.170000	0.050000
antagonistic	-0.020000	-0.090000	-0.090000	-0.470000	0.190000
anxious	0.080581	-0.019298	-0.093993	0.050259	0.374073
apathetic	-0.148011	-0.087142	-0.235051	-0.066531	-0.006633
argumentative	0.010000	-0.020000	0.160000	-0.320000	0.220000
arrogant	0.085492	-0.025226	0.039154	-0.337474	0.201692
articulate	0.165343	0.141744	0.219713	0.090640	-0.089073
artificial	-0.110000	-0.100000	-0.070000	-0.310000	0.300000
artistic	0.349231	-0.027976	0.040815	0.082148	-0.071287
assertive	0.078547	0.101095	0.430437	-0.029908	-0.137561
assured	0.120000	0.230000	0.420000	0.010000	-0.310000
at ease	0.091019	-0.078076	-0.072907	0.099359	-0.747170
attractive	-0.000123	0.086708	0.470000	0.059754	-0.068821
authoritarian	0.066216	0.366830	0.068943	-0.243292	0.137518
autonomous	0.180000	0.130000	-0.100000	-0.030000	-0.120000
aware	0.370000	0.220000	-0.150000	0.210000	-0.070000
bashful	-0.036573	0.045857	-0.648007	0.207570	0.042430
belligerent	-0.110000	-0.030000	0.090000	-0.410000	0.110000
benevolent	0.230000	-0.040000	-0.090000	0.300000	-0.110000
bigoted	-0.170000	-0.070000	0.020000	-0.340000	0.050000
bitter	0.060000	-0.060000	-0.210000	-0.350000	0.270000
bland	-0.190000	0.070000	-0.440000	-0.020000	-0.090000
boastful	-0.140000	-0.100000	0.290000	-0.320000	0.170000
boisterous	-0.070000	-0.150000	0.420000	-0.150000	-0.010000
bold	0.068999	-0.004969	0.598182	-0.114516	-0.149826
boring	-0.069877	-0.099754	-0.478821	-0.236462	0.118821
bossy	-0.020000	0.040000	0.300000	-0.310000	0.320000
brave	0.051480	0.128316	0.331989	-0.101785	-0.336531
brazen	-0.170000	-0.190000	-0.030000	-0.440000	0.040000
bright	0.440000	0.120000	0.120000	0.090000	-0.120000
bullheaded	0.030000	-0.080000	0.150000	-0.320000	0.120000
businesslike	-0.070000	0.560000	0.160000	0.080000	-0.080000
callous	-0.210000	0.040000	-0.030000	-0.410000	-0.110000
calm	-0.068402	-0.020967	-0.116898	0.196065	-0.401030
candid	0.250000	-0.060000	0.150000	-0.010000	-0.100000
capricious	0.282801	-0.033047	0.097887	-0.216830	0.155897
carefree	-0.153975	-0.204682	0.270269	0.048570	-0.126935
careful	-0.000102	0.434746	-0.161073	0.151277	-0.037142
careless	-0.025137	-0.509553	0.031411	-0.073506	-0.006973
casual	0.000000	-0.160000	0.080000	0.120000	-0.250000
cautious	-0.004558	0.523353	-0.170324	0.207767	0.003359
changeable	0.050925	-0.420837	-0.017313	-0.000925	0.353612
charitable	0.085461	0.023641	0.098188	0.511804	-0.137273
charming	-0.045774	0.057764	0.474472	0.235283	0.006585
chattering	-0.110000	-0.210000	0.330000	-0.190000	-0.010000
cheerful	-0.110146	-0.018465	0.478225	0.299148	-0.047986
clever	0.330000	0.140000	0.180000	-0.090000	-0.210000
closed	-0.020000	-0.010000	-0.470000	0.050000	0.010000
clumsy	-0.070000	-0.370000	-0.270000	-0.110000	0.100000
coarse	-0.170000	-0.130000	0.010000	-0.410000	-0.100000
cold	-0.009876	-0.014058	-0.268876	-0.541718	-0.004221
combative	-0.090000	0.070000	0.190000	-0.420000	0.040000
comfortable	-0.165160	-0.131057	0.416339	-0.041057	-0.190614
communicative	0.100000	0.040000	0.490000	0.250000	-0.020000
compassionate	0.035820	-0.004262	0.207659	0.462860	0.042901
competitive	-0.043147	0.266532	0.282417	-0.233561	0.006894
complex	0.492430	-0.064860	-0.095857	0.004143	0.135857
compliant	-0.040000	-0.020000	-0.190000	0.240000	0.010000
compulsive	0.020000	-0.260000	-0.090000	-0.020000	0.260000
conceited	0.138113	-0.086327	0.115051	-0.373673	0.166531
conciliatory	-0.061104	0.054375	-0.014843	0.481110	-0.063438
concise	0.130000	0.460000	0.000000	0.050000	-0.130000
condescending	-0.150000	0.060000	-0.070000	-0.110000	0.060000
confident	0.100000	0.260000	0.490000	-0.070000	-0.320000
conformist	-0.410000	0.210000	-0.140000	0.190000	0.050000
confused	0.430000	-0.090000	-0.040000	0.060000	0.160000
conscientious	0.192479	0.452391	-0.029461	0.255716	-0.041790
conservative	-0.223989	0.212414	-0.055418	0.062105	0.177853
considerate	0.041028	0.136380	0.015378	0.514611	-0.040485
consistent	-0.070000	0.450000	-0.030000	0.050000	-0.340000
contemplative	0.410000	0.020000	-0.240000	0.150000	0.030000
contemporary	0.310000	0.080000	0.110000	0.090000	-0.030000
contented	0.050641	0.118981	0.379586	0.175396	-0.563585
controlled	-0.095773	0.376668	-0.016528	0.189100	-0.103752
conventional	-0.317072	0.196353	-0.013012	0.073212	0.116788
conversational	-0.110000	-0.080000	0.580000	0.120000	-0.010000
convincing	0.000123	0.161057	0.387764	-0.160123	-0.222113
cool-headed	-0.297273	0.056462	0.076585	0.038943	-0.231794
cooperative	-0.052492	0.153282	0.042453	0.524029	-0.093207
cordial	0.093791	0.046114	-0.020114	0.513101	0.035646
courageous	0.070000	0.100000	0.330000	-0.080000	-0.350000
courteous	0.000000	0.230000	-0.070000	0.530000	0.020000
cowardly	0.036688	-0.154128	-0.335232	0.175696	0.268256
crabby	-0.070000	-0.010000	-0.150000	-0.240000	0.420000
crafty	-0.040000	0.040000	0.110000	-0.160000	-0.100000
cranky	-0.110000	-0.050000	-0.080000	0.180000	0.390000
creative	0.492127	0.019239	0.135286	0.073305	-0.114928
critical	0.170000	0.060000	-0.010000	-0.320000	0.310000
cruel	0.000000	-0.040000	0.000000	-0.400000	-0.060000
cultured	0.357499	0.248487	0.045423	0.135703	-0.040378
cunning	0.009898	0.123673	0.238520	-0.264949	-0.070102
curious	0.373618	-0.000486	0.067068	0.075458	0.084643
cute	-0.030000	0.110000	0.450000	0.020000	0.180000
cynical	0.165461	-0.088188	-0.096383	-0.400898	0.078172
dangerous	-0.050000	-0.110000	0.220000	-0.430000	0.110000
daring	0.020000	0.000000	0.460000	-0.140000	-0.200000
deceitful	0.140000	-0.150000	0.030000	-30.000000	0.070000
decisive	0.150000	0.430000	0.180000	-0.030000	-0.220000
deep	0.449599	-0.007169	-0.083184	0.212196	-0.026993
deep-thinking	0.060000	0.260000	-0.230000	0.180000	-0.330000
defensive	-0.050000	-0.040000	-0.170000	-0.170000	0.410000
deliberate	0.120000	0.280000	0.000000	-0.080000	-0.090000
deliberative	-0.125405	0.435283	-0.207076	0.101179	-0.082113
demanding	0.000000	0.150000	0.190000	-0.340000	0.310000
demonstrative	0.150000	-0.070000	0.290000	0.030000	0.010000
dependable	-0.010000	0.510000	-0.050000	0.310000	-0.060000
dependent	-0.254644	-0.078418	-0.165254	0.240204	0.168215
depressed	-0.093347	0.134293	-0.168685	-0.153018	0.149034
depressive	-0.093700	-0.156388	0.291850	-0.017225	0.538150
detached	0.070000	-0.080000	-0.370000	-0.180000	-0.120000
detail-oriented	0.000000	0.500000	-0.100000	0.140000	-0.050000
determined	-0.182924	0.387887	0.240000	-0.153415	-0.153661
devious	-0.110000	-0.100000	0.160000	-0.290000	0.090000
dignified	0.040000	0.380000	0.070000	0.060000	0.000000
diplomatic	0.280000	0.130000	0.080000	0.230000	-0.060000
direct	0.220000	0.140000	0.330000	-0.070000	-0.130000
disagreeable	-0.068097	-0.171299	-0.166589	-0.561974	0.044977
discontented	-0.050641	-0.118981	-0.379586	-0.175396	0.563585
discordant	-0.040000	-0.160000	-0.240000	-0.450000	-0.040000
discreet	0.180000	0.260000	-0.260000	0.240000	-0.090000
dishonest	-0.036688	-0.179824	0.030640	-0.315585	0.058256
disobedient	0.230000	-0.190000	0.060000	-0.340000	-0.060000
disorderly	0.036367	-0.616351	0.044547	-0.080000	-0.075469
disorganized	-0.007350	-0.630218	-0.047713	0.009017	-0.060087
disrespectful	0.105003	-0.284232	-0.020514	-0.363205	-0.106176
distant	-0.052863	-0.044537	0.437137	-0.174626	0.232599
distractible	-0.138665	-0.274024	-1.333805	-0.051992	0.347988
distrustful	0.203789	-0.006465	-0.170371	-0.399510	0.231608
docile	-0.190000	0.050000	-0.280000	0.240000	-0.040000
dogmatic	-0.110000	0.060000	-0.040000	-0.100000	0.010000
dominant	0.051277	0.169695	0.450102	-0.333062	0.028113
domineering	-0.020000	0.150000	0.400000	-0.410000	0.100000
down-to-earth	0.090000	0.140000	-0.010000	0.240000	-0.280000
dull	-0.087040	-0.058418	-0.438113	-0.043469	-0.043571
dutiful	0.002604	0.416585	0.057887	0.151057	-0.182678
earnest	0.220000	0.070000	-0.030000	0.290000	-0.090000
earthy	0.180000	-0.010000	-0.030000	0.220000	-0.260000
easygoing	-0.070000	-0.230000	0.090000	0.130000	-0.320000
easy-going	-0.060000	-0.150000	0.220000	0.300000	-0.410000
eccentric	-0.320000	-0.140000	0.390000	0.190000	-0.010000
economical	0.010000	0.390000	-0.130000	0.140000	-0.140000
effective	0.040000	0.200000	0.460000	-0.150000	-0.090000
efficient	-0.023458	0.462859	-3.249173	0.009992	0.061666
egocentric	0.120000	-0.120000	0.040000	-0.340000	0.130000
egotistical	0.090000	-0.090000	0.120000	-0.420000	0.180000
eloquent	0.250000	0.160000	0.180000	0.100000	0.000000
emotional	0.029822	-0.072235	0.102618	0.358260	0.448380
empathic	0.280000	-0.010000	-0.010000	0.220000	0.030000
energetic	0.044638	0.138526	0.569528	0.120501	-0.131641
enterprising	0.116433	0.166054	0.404168	-0.025126	-0.200006
entertaining	0.040000	-0.080000	0.450000	0.030000	0.010000
enthusiastic	0.086791	0.066789	0.494370	0.186130	-0.084179
envious	-0.038363	-0.106233	-0.090755	-0.126730	0.500536
erratic	0.120000	-0.430000	-0.010000	-0.130000	0.190000
ethical	0.200000	0.180000	-0.170000	0.200000	-0.100000
exacting	0.100000	0.470000	-0.020000	-0.080000	0.020000
excessive	0.020000	-0.150000	0.150000	-0.400000	0.090000
excitable	-0.100000	-0.070000	0.050000	0.220000	0.310000
exciting	0.300000	-0.030000	0.490000	-0.020000	0.000000
exhibitionistic	0.050000	-0.170000	0.320000	-0.200000	0.060000
experimental	0.090737	0.060934	0.163538	0.015651	-0.325848
explosive	-0.040000	-0.100000	0.250000	-0.250000	0.210000
expressive	0.220000	0.060000	0.380000	0.120000	0.140000
extravagant	0.034632	-0.380344	0.093067	-0.019225	0.103306
extraverted	-0.007223	-0.047002	0.722334	0.090093	-0.056197
extroverted	0.036853	-0.070000	0.664860	0.064143	-0.051433
fair	0.111283	0.311924	0.024490	0.431547	-0.161283
faithful	-0.014226	0.083292	0.028943	0.416462	-0.074103
far-sighted	-0.047225	0.419163	0.108987	0.200000	0.097137
fastidious	-0.030000	0.330000	-0.100000	-0.210000	0.160000
faultfinding	-0.020000	0.050000	-0.100000	-0.310000	0.380000
fault-finding	-0.160000	-0.021663	-0.082649	-0.408337	0.101006
fearful	-0.101480	-0.083571	-0.265254	-0.207401	0.348011
feminine	0.020000	-0.060000	0.000000	0.430000	0.370000
fiery	0.100000	0.030000	0.440000	-0.140000	0.110000
finicky	-0.020000	0.070000	-0.060000	-0.060000	0.350000
firm	0.080000	0.400000	0.170000	-0.170000	-0.150000
flamboyant	0.010000	-0.100000	0.390000	-0.040000	0.080000
flexible	0.098931	0.011911	0.062813	0.463102	-0.211737
flirtatious	0.000000	-0.150000	0.360000	0.030000	0.200000
foolhardy	-0.180000	-0.380000	0.140000	-0.020000	0.000000
forceful	0.110000	0.150000	0.380000	-0.340000	-0.010000
foresighted	0.270000	0.290000	-0.020000	0.120000	-0.110000
forgetful	0.020000	-0.400000	-0.060000	0.020000	0.080000
forgiving	-0.062462	-0.044325	-0.022293	0.440455	-0.047639
formal	-0.140000	0.370000	-0.090000	0.070000	0.140000
frank	0.087903	0.028256	0.363664	0.010816	-0.131280
fretful	-0.062430	-0.070000	-0.210997	0.078287	0.487290
friendly	-0.126976	-0.042384	0.315696	0.407152	-0.108080
frightened	-0.130000	-0.110000	-0.510000	0.170000	0.170000
frivolous	-0.048734	-0.404399	0.199266	-0.033376	0.127391
fussy	-0.070000	0.550000	-0.040000	0.180000	0.060000
generous	0.036513	-0.019897	0.065572	0.474551	-0.107363
genial	0.300000	-0.080000	0.140000	0.370000	-0.030000
gentle	-0.010000	0.270000	0.060000	0.370000	0.130000
good-hearted	0.030000	0.080000	0.110000	0.390000	0.010000
good-natured	-0.094147	0.007525	0.017666	0.611478	0.043860
gossipy	-0.150000	-0.190000	0.130000	0.080000	0.320000
greedy	0.000000	-0.120000	-0.050000	-0.330000	0.270000
gregarious	0.070000	-0.100000	0.320000	0.070000	0.030000
grumpy	-0.070000	-0.030000	-0.190000	-0.270000	0.400000
guilt free	0.116793	0.082566	0.207170	-0.174340	-0.516037
guilt ridden	-0.116793	-0.082566	-0.207170	0.174340	0.516037
gullible	-0.035519	-0.288256	-0.149536	0.255696	0.245232
haphazard	-0.090000	-0.570000	0.040000	-0.100000	0.000000
happy	0.108563	0.006408	-0.206976	0.262769	-0.170382
happy-go-lucky	-0.210000	-0.210000	0.400000	0.210000	-0.220000
hardworking	-0.060641	0.649472	0.274227	0.140264	-0.076415
hard-working	-0.089877	0.506708	0.115405	0.067764	0.053170
harsh	-0.054143	0.035140	0.059003	-0.516573	0.104860
healthy	0.040000	-0.100000	-0.010000	0.180000	-0.340000
heartless	-0.160000	-0.140000	0.020000	-0.310000	0.000000
hearty	0.020000	0.070000	0.280000	0.110000	-0.240000
helpful	-0.013635	0.109022	0.154029	0.424954	-0.065242
hesitant	0.060000	-0.310000	-0.260000	0.280000	0.280000
high-strung	0.030000	-0.080000	0.100000	-0.030000	0.400000
honest	-0.001280	0.174592	0.005872	0.357152	-0.128720
hopeful	0.121576	0.067775	0.072039	0.295075	-0.068598
hopeless	0.087641	-0.202113	-0.416708	-0.041057	6.730909
humanistic	-0.110000	0.050000	0.030000	0.550000	-0.030000
humble	-0.120000	0.120000	-0.210000	0.350000	-0.170000
humorless	-0.060000	0.130000	-0.230000	-0.060000	-0.100000
humorous	0.010000	-0.090000	0.310000	0.150000	-0.130000
hypochondriacal	-0.150000	0.180000	0.100000	-0.050000	0.390000
hypocritical	-0.140000	-0.180000	-0.050000	-0.160000	0.260000
hysterical	0.000000	-0.170000	0.000000	-0.040000	0.680000
idealistic	0.260000	-0.100000	0.020000	0.180000	0.120000
ignorant	-0.258215	-0.215356	-0.059898	0.048418	-0.005254
illogical	-0.057440	-0.447616	-0.012384	-0.020816	0.127616
imaginative	0.570902	-0.072028	0.120453	0.045520	-0.018248
immature	-0.084949	-0.438316	0.008418	-0.088723	0.097706
impartial	0.120000	0.080000	-0.230000	0.080000	-0.170000
impatient	0.150198	-0.121179	0.068651	-0.177227	0.283923
imperceptive	-0.254641	-0.130641	-0.073963	-0.501096	-0.229322
impersonal	-0.020000	0.060000	-0.310000	-0.380000	-0.070000
impetuous	0.060000	-0.170000	0.170000	-0.040000	0.120000
impolite	0.150000	-0.250000	0.000000	-0.410000	-0.170000
impractical	-0.078235	-0.468498	-0.116575	-0.095778	0.179463
imprudent	-0.100000	-0.510000	0.060000	0.020000	0.020000
impulsive	0.093646	-0.243127	0.036348	-0.006646	0.313082
inactive	-0.020475	-0.232639	-0.625078	-0.081763	0.027697
inarticulate	-0.260000	-0.120000	-0.150000	0.030000	-0.120000
inattentive	0.050000	-0.500000	0.100000	-0.030000	-0.030000
inconsiderate	0.012848	-0.228080	-0.072384	-0.463024	0.048432
inconsistent	0.031378	-0.491480	-0.048316	-0.053265	0.171175
indecisive	-0.098582	-0.320684	-0.043519	0.100405	0.256829
independent	0.139007	0.085056	0.204128	-0.144128	-0.261920
indirect	0.010000	-0.140000	-0.350000	0.110000	0.060000
indiscreet	-0.160000	-0.210000	0.140000	-0.110000	-0.030000
individualistic	0.330000	0.060000	0.080000	-0.170000	-0.130000
indulgent	0.090000	-0.180000	0.110000	0.040000	0.100000
industrious	0.250000	0.360000	0.120000	0.070000	-0.140000
ineffective	-0.190000	-0.150000	-0.470000	0.020000	0.010000
inefficient	0.014423	-0.573147	-0.160000	-0.014860	-0.019283
inflexible	-0.071572	-0.011407	-0.081847	-0.513486	0.200699
influential	-0.010000	0.170000	0.480000	0.020000	-0.210000
informal	0.230000	-0.260000	0.010000	0.070000	-0.330000
ingenious	0.418744	0.070909	0.087835	-0.096679	-1.913726
inhibited	-0.121821	0.091745	-0.624680	-0.028387	0.116087
innovative	0.441000	0.090000	0.130000	0.040000	-0.160000
inquisitive	0.430000	-0.030000	0.090000	0.050000	0.000000
insecure	-0.057066	-0.255204	-0.269292	0.069625	0.453721
insensitive	-0.014949	-0.090509	-0.098418	-0.373164	-0.221175
insightful	0.420000	0.010000	-0.040000	0.110000	-0.100000
insincere	-0.070000	-0.110000	-0.080000	-0.400000	0.010000
intellectual	0.547794	0.165021	0.010817	-0.031004	-0.116384
intelligent	0.535239	0.163480	0.112291	0.004799	-0.158886
intense	0.310000	0.110000	0.120000	-0.020000	0.120000
intolerant	-0.062113	-0.052855	-0.034407	-0.383211	0.192399
introspective	0.431812	-0.079992	-0.251820	0.128180	0.028188
introverted	0.023499	0.036321	-0.706872	-0.043716	0.037154
intrusive	-0.140000	-0.050000	0.160000	-0.130000	0.030000
inventive	0.313242	0.062286	0.093353	0.044141	-0.249995
iron-hearted	-0.100000	0.050000	0.130000	-0.730000	0.020000
irresolute	0.042113	-0.470000	-0.112236	-0.042113	0.097887
irresponsible	-0.040509	-0.671155	-0.059401	-0.193181	0.078560
irreverent	0.090000	0.060000	-0.050000	-0.180000	-0.110000
irritable	-0.051812	-0.012727	-0.074555	-0.245461	0.541804
irritating	-0.050000	0.090000	0.250000	-0.360000	0.070000
jealous	0.014538	-0.020119	-0.025558	-0.060432	0.439604
jovial	0.090000	-0.060000	0.360000	0.370000	-0.130000
kind	0.007179	0.093405	0.030348	0.644234	-0.015780
knowledgeable	0.212148	0.276999	0.104839	0.064215	-0.206842
lax	-0.055674	-0.426527	-0.069930	-0.006888	-0.008722
lazy	0.020919	-0.545673	-0.156481	-0.082030	0.080620
lenient	0.070000	-0.160000	-0.150000	0.300000	-0.150000
lethargic	-0.160000	-0.190000	-0.250000	-0.070000	0.040000
logical	0.234644	0.439796	-0.053469	-0.033367	-0.235153
lonely	-0.081013	0.046388	0.396388	-0.003612	0.264449
loyal	0.028080	0.154768	0.026976	0.425872	-0.046512
lustful	0.110000	-0.200000	0.070000	-0.160000	0.120000
magnetic	0.170000	-0.020000	0.480000	0.220000	-0.050000
manipulative	0.020000	0.080000	0.160000	-0.270000	0.130000
mannerly	-0.020000	0.340000	-0.090000	0.390000	0.100000
masculine	0.100000	0.050000	0.010000	-0.340000	-0.430000
masochistic	-0.080000	-0.140000	-0.080000	-0.140000	-0.010000
mature	0.210102	0.366633	-0.025153	0.191582	-0.152757
meddlesome	-0.160000	-0.080000	0.210000	-0.050000	0.250000
meek	-0.220000	-0.080000	-0.480000	0.220000	0.020000
melancholic	-0.055255	-0.089296	-0.207242	0.050460	0.334245
merciful	0.004717	-0.003170	-0.012113	0.545405	0.118010
merry	-0.064746	-0.018316	0.434949	0.378316	-0.126429
messy	0.086388	-0.533612	-0.048987	0.115374	0.080000
meticulous	0.040000	0.440000	-0.110000	0.010000	0.090000
mindless	-0.160000	-0.350000	0.040000	0.180000	0.010000
mischievous	0.140000	-0.190000	0.340000	-0.100000	0.020000
mistrustful	0.011762	0.080925	0.116388	-0.059075	0.450000
moderate	0.180000	0.390000	0.040000	0.280000	0.140000
modern	-0.040000	0.030000	0.180000	0.170000	-0.450000
modest	-0.023297	0.144001	-0.125352	0.391112	-0.039018
monotonous	-0.410837	0.053877	0.163524	0.079163	0.194537
moody	0.051382	-0.122772	-0.097114	-0.098414	0.468034
moral	-0.020000	0.260000	-0.090000	0.330000	-0.020000
moralistic	-0.230000	0.260000	-0.110000	0.230000	0.070000
naive	-0.180000	-0.210000	-0.200000	0.260000	0.120000
narrow-minded	-0.156143	-0.126462	-0.152482	-0.189509	0.318452
natural	0.140000	0.030000	0.090000	0.230000	-0.170000
neat	-0.100000	0.750000	-0.090000	0.090000	-0.140000
negative	0.010000	-0.050000	-0.320000	-0.150000	0.250000
negativistic	-0.030000	-0.080000	-0.340000	-0.310000	0.310000
negligent	-0.164671	-0.504034	-0.030128	-0.200099	0.045762
nervous	-0.002393	0.058603	-0.064474	-0.070732	0.493905
neurotic	0.090000	-0.160000	0.020000	-0.050000	0.770000
nice	0.061938	-0.097313	-0.558238	0.376300	-0.006388
non envious	-0.041133	0.145887	0.067170	0.275623	-0.469622
nonchalant	0.030000	-0.090000	0.040000	-0.010000	-0.260000
nonconforming	0.420000	-0.170000	0.040000	-0.090000	-0.170000
noncreative	-0.310000	-0.220000	-0.190000	0.110000	-0.070000
nonpersistent	-0.040000	-0.230000	-0.330000	0.160000	-0.140000
nonreligious	0.190000	-0.160000	-0.080000	-0.250000	-0.170000
nosey	-0.140000	-0.150000	0.160000	-0.040000	0.320000
not artistic	-0.595667	0.023675	-0.001006	-0.112669	-0.027331
obedient	-0.070000	0.250000	-0.030000	0.290000	0.450000
objective	0.220000	0.270000	-0.040000	0.150000	-0.160000
obliging	0.030000	0.050000	-0.080000	0.410000	-0.110000
obsessive	-0.040000	-0.120000	0.160000	-0.180000	0.250000
obstinate	0.054644	-0.023062	0.043469	-0.280204	0.231582
old-fashioned	-0.320000	0.010000	-0.100000	0.050000	0.050000
open	0.016953	0.007764	0.345774	0.114349	-0.227396
open-minded	0.062973	0.048821	0.144226	0.225405	-0.339509
opinionated	0.030000	0.070000	0.220000	-0.260000	0.110000
opportunistic	-0.043664	0.052671	0.172031	-0.259249	0.050816
optimistic	-0.125511	0.085306	0.300560	0.305692	-0.097793
orderly	-0.060000	0.586512	-0.018720	0.042848	0.122384
ordinary	-0.320000	0.100000	-0.450000	0.220000	0.040000
organized	-0.021456	0.698439	0.037566	0.036017	0.000761
original	0.271273	-0.025190	0.111669	0.047623	-0.216403
ostentatious	0.213980	-0.087641	0.304472	-0.108821	0.048452
outspoken	0.193164	-0.074847	0.431480	-0.106327	-0.051887
overtalkative	0.110000	-0.380000	0.340000	-0.190000	0.050000
overwhelming	0.210000	0.020000	0.670000	-0.110000	0.000000
participative	0.140000	0.050000	0.400000	0.020000	-0.020000
passionate	0.090000	-0.040000	0.200000	0.310000	0.270000
passionless	0.030000	0.030000	-0.210000	-0.190000	-0.280000
passive	-0.190000	-0.060000	-0.480000	0.220000	-0.030000
patient	-0.119340	0.168027	-0.141068	0.328202	-0.252726
patronizing	-0.270000	0.040000	0.030000	-0.020000	0.060000
peaceful	-0.019962	0.040494	0.078639	0.421158	-0.308304
peace-loving	0.170000	0.040000	-0.040000	0.530000	-0.100000
perceptive	0.312386	0.154222	0.060471	0.357647	0.122331
perfectionistic	0.130000	0.370000	-0.070000	-0.070000	0.160000
persevering	0.002727	0.413170	0.293292	-0.096708	-0.104103
persistent	0.114494	0.323038	0.124241	0.013582	-0.006848
pessimistic	0.169644	-0.110642	-0.366264	-0.045522	0.173322
philosophical	0.558184	-0.021592	-0.063189	0.031597	-0.051993
placid	-0.040000	0.100000	-0.340000	0.120000	-0.200000
plain	-0.190000	-0.090000	-0.310000	0.090000	0.110000
planful	-0.005063	0.437465	-3.236309	0.056137	0.115004
playful	-0.090000	-0.120000	0.410000	0.200000	-0.020000
pleasant	-0.028011	0.031684	0.263774	0.407909	-0.169491
poised	0.120000	0.260000	0.130000	0.180000	-0.110000
polite	0.061443	0.308029	-0.041796	0.568992	-0.004898
pompous	-0.310000	0.070000	0.120000	-0.160000	0.080000
positive	0.090000	0.070000	0.320000	0.220000	-0.250000
possessive	-0.070000	0.110000	-0.010000	-0.070000	0.460000
practical	0.048436	0.480704	0.042439	0.128094	-0.188505
precise	0.120000	0.610000	-0.010000	-0.020000	-0.010000
predictable	-0.220000	0.140000	-0.190000	0.040000	-0.190000
prejudiced	0.041016	-0.025131	0.010012	-0.218786	0.163415
pretentious	-0.250000	-0.020000	0.140000	-0.150000	0.100000
prideless	0.140000	-0.330000	-0.440000	-0.100000	0.090000
principled	0.053514	0.361909	-0.000841	0.129726	-0.102510
productive	0.176300	0.443524	-0.175374	0.252687	0.025374
progressive	0.280000	0.170000	0.160000	0.150000	-0.080000
prompt	-0.030000	0.460000	-0.030000	0.160000	0.050000
proud	0.070000	0.160000	0.200000	-0.090000	0.010000
prudent	-0.081990	0.492236	-0.149066	0.064226	-0.061179
prudish	-0.170000	0.150000	-0.240000	0.130000	0.120000
punctual	0.030000	0.400000	-0.080000	0.140000	0.040000
purposeful	0.111961	0.423211	0.129370	0.078862	-0.069749
quarrelsome	-0.052260	-0.026934	0.070585	-0.389198	0.186680
quick-witted	0.019066	-0.068821	0.455651	-0.185651	-0.152236
quiet	-0.003880	0.067263	0.030250	0.085641	-0.056628
rambunctious	-0.040000	-0.150000	0.460000	0.000000	0.060000
rash	-0.015182	-0.508658	0.145875	-0.175757	0.121227
rational	0.320000	0.350000	-0.080000	0.130000	-0.240000
realistic	-0.120000	0.370000	-0.030000	0.110000	-0.140000
reasonable	0.016799	0.237616	-0.072384	0.408896	-0.122031
rebellious	0.301570	-0.207682	0.110420	-0.304308	-0.074396
reckless	0.070000	-0.430000	0.180000	-0.210000	-0.030000
refined	0.292406	0.286376	0.007795	0.221182	0.004768
reflective	0.446077	0.224863	-0.054831	0.109761	-0.035859
relax	0.050925	-0.180749	0.070749	0.157225	-0.411013
relaxed	-0.002246	-0.059997	-0.004023	0.146980	-0.569273
reliable	-0.056989	0.282747	-0.003784	0.332364	-0.025466
religious	-0.180000	0.170000	0.010000	0.310000	0.060000
reserved	-0.044015	0.124687	-0.316033	0.073121	0.011046
resolute	0.060000	0.530000	-0.010000	-0.050000	-0.190000
respectful	-0.104985	0.210595	-0.042685	0.489988	-0.002230
responsible	-0.011236	0.627931	-0.002098	0.208363	-0.045515
restless	0.070000	-0.200000	0.120000	-0.100000	0.300000
restrained	0.030000	0.200000	-0.470000	0.120000	-0.100000
reverent	-0.140000	0.200000	-0.010000	0.290000	0.060000
rigid	-0.180000	0.240000	-0.110000	-0.260000	0.010000
romantic	0.220000	0.120000	-0.060000	0.270000	0.320000
rough	-0.110000	0.030000	0.160000	-0.450000	-0.230000
rude	-0.072114	-0.209097	0.059355	-0.552181	0.038834
rule-abiding	-0.083661	0.390123	-0.171302	0.282236	0.393857
ruthless	-0.144847	0.003265	0.066429	-0.438622	-0.093571
sad	-0.027225	-0.093700	0.314537	-0.039912	0.490837
sarcastic	-0.033062	-0.047909	0.031684	-0.311785	0.153265
scatterbrained	-0.010000	-0.470000	0.010000	0.130000	0.150000
scornful	-0.040000	-0.040000	-0.090000	-0.380000	0.190000
scrupulous	0.122671	0.066336	-0.097616	0.258785	-0.052848
seclusive	-0.020000	0.020000	-0.500000	0.080000	-0.200000
secretive	-0.023488	0.044768	-0.341920	-0.007792	0.101744
secure	0.145773	0.256793	0.379472	-0.069736	-0.580905
sedate	-0.100000	0.060000	-0.410000	0.070000	-0.110000
self-assured	-0.157150	0.248943	0.386708	-0.061425	-0.211302
self-controlled	0.080000	0.520000	-0.060000	0.170000	0.030000
self-critical	0.300000	0.030000	-0.210000	0.180000	0.240000
self-disciplined	0.007653	0.572639	-0.035452	0.074104	-0.010625
self-indulgent	0.130000	-0.150000	0.050000	-0.090000	0.220000
selfish	0.085750	-0.081927	0.134806	-0.388228	0.242522
self-knowledgeable	30.000000	0.350000	0.300000	0.090000	0.020000
selfless	0.000000	0.000000	-0.120000	0.130000	-0.120000
self-pitying	-0.030000	-0.080000	-0.360000	-0.030000	0.430000
self-seeking	0.080000	-0.060000	0.050000	-0.110000	0.070000
sensible	-0.037396	0.388943	-0.053538	0.343292	-0.057641
sensitive	0.208307	0.018120	-0.065558	0.423047	0.191238
sensual	0.200000	-0.130000	0.160000	0.120000	0.160000
sentimental	-0.090000	0.010000	0.080000	0.480000	0.340000
serious	0.090673	0.398072	-0.298078	0.058728	-0.034918
serious-minded	-0.159877	0.350000	-0.356830	0.257887	0.096339
sexy	0.170000	-0.010000	0.280000	0.060000	0.070000
shallow	-0.290000	-0.090000	-0.120000	-0.100000	-0.030000
shameless	0.040000	-0.320000	0.130000	-0.260000	0.150000
shrewd	0.330000	0.020000	0.020000	-0.330000	-0.090000
shy	-0.013060	-0.004770	-0.328167	0.139246	0.059525
silent	-0.062897	0.076194	-0.692153	0.004080	-0.048635
simple	-0.286106	0.014657	-0.114671	0.093957	-0.015981
sincere	0.062367	0.152525	-0.081316	0.411297	-0.031962
skeptical	0.253024	0.042384	-0.163952	-0.194592	-0.092273
sloppy	0.056715	-0.524566	0.000600	-0.093640	-0.140344
sluggish	-0.110000	-0.190000	-0.330000	-0.040000	0.090000
sly	0.000000	0.040000	0.160000	-0.330000	-0.010000
smart	0.490000	0.180000	0.020000	0.030000	-0.170000
smug	-0.010000	0.010000	0.010000	-0.240000	0.100000
snobbish	0.080000	-0.050000	0.000000	-0.250000	0.330000
sociable	-0.000121	0.018160	0.276508	0.273073	-0.099574
social	-0.080000	-0.040000	0.580000	0.250000	0.000000
soft	-0.040000	-0.080000	0.070000	0.610000	0.040000
soft-hearted	-0.020000	0.010000	0.000000	0.780000	-0.040000
somber	-0.140000	0.120000	-0.410000	-0.090000	-0.030000
sophisticated	0.380793	0.088324	0.121200	-0.034340	0.006703
sparkling	0.080000	-0.010000	0.730000	0.040000	-0.020000
spirited	0.100000	-0.010000	0.490000	0.230000	-0.020000
spontaneous	0.206749	-0.111464	0.331535	0.120737	-0.026194
sprightly	-0.060000	-0.050000	0.690000	0.000000	0.070000
stable	-0.045741	0.158384	0.088220	0.151692	-0.418118
steady	-0.062640	0.373062	0.031350	0.102788	-0.459896
stealthy	-0.090000	-0.080000	0.050000	-0.550000	0.170000
stem	-0.150000	0.360000	0.020000	-0.290000	0.010000
stingy	-0.041927	0.007702	-0.123586	-0.432755	0.174715
straightforward	0.099184	0.050464	0.231568	0.112097	-0.227152
strict	-0.110000	0.380000	-0.040000	-0.140000	0.120000
strong	-0.070000	0.230000	0.310000	-0.150000	-0.290000
strong-willed	-0.250000	0.400000	0.060000	0.100000	-0.080000
stubborn	0.050000	-0.040000	0.070000	-0.330000	0.230000
subjective	0.060000	-0.020000	-0.010000	0.040000	0.050000
submissive	-0.230000	-0.090000	-0.360000	0.340000	0.110000
suggestible	-0.160000	-0.060000	0.000000	0.170000	0.070000
sulky	-0.020000	0.020000	-0.350000	-0.290000	0.030000
superstitious	-0.090000	-0.080000	0.170000	0.050000	0.100000
supportive	0.109912	0.053612	-0.150837	0.459163	0.022775
surly	-0.310000	0.130000	0.030000	-0.240000	-0.040000
suspicious	0.072574	0.043742	-0.186375	-0.237554	0.161751
sweet	-0.320000	0.190000	0.150000	0.050000	0.100000
sympathetic	-0.028385	-0.052935	0.124864	0.561855	0.052427
systematic	0.043995	0.578637	-0.102516	0.031491	-0.065917
tactful	0.210000	0.210000	-0.060000	0.290000	-0.020000
tactless	-0.150000	-0.210000	-0.010000	-0.270000	-0.060000
talkative	-0.007630	-0.056830	0.418200	0.083624	0.071395
temperamental	0.108936	-0.049234	-0.026015	-0.272397	0.349770
temperate	0.120000	-0.010000	-0.030000	0.440000	-0.040000
tenacious	0.220000	0.100000	0.100000	-0.060000	-0.050000
tender	0.050000	0.060000	0.060000	0.750000	-0.030000
tender-hearted	0.150000	-0.070000	-0.090000	0.720000	0.000000
tense	-0.053251	0.109814	-0.022929	-0.121265	0.601543
thorough	0.023815	0.550450	-1.196562	0.015527	0.049091
thoughtful	0.050927	0.125696	-0.053488	0.457152	-0.091920
thoughtless	-0.074304	-0.276512	-0.032848	-0.327152	-0.007440
thrifty	-0.032853	0.409686	-0.104329	0.080223	-0.048941
tidy	-0.090000	0.710000	-0.080000	0.040000	-0.150000
timid	-0.083022	0.012914	-0.655426	0.134893	0.096566
tolerant	-0.014892	-0.052557	-0.082901	0.469889	-0.231197
tongue-tied	-0.250000	0.050000	-0.530000	0.110000	0.050000
touchy	-0.083366	0.021112	-0.121415	-0.022411	0.537513
tough	-0.050000	0.130000	0.150000	-0.330000	-0.240000
traditional	-0.296888	0.206679	-0.028718	0.130505	0.161800
transparent	-0.120000	-0.130000	-0.030000	0.080000	0.100000
troubled	0.220688	-0.249631	-0.287764	-0.110934	0.026143
trustful	-0.148173	0.022355	0.118727	0.463071	-0.251471
trusting	-0.082341	-0.024661	0.034004	0.341335	-0.119323
truthful	0.100000	0.190000	-0.010000	0.260000	-0.220000
unadventurous	-0.217539	0.111761	-0.383639	-0.004240	0.071653
unaffectionate	0.130000	0.000000	-0.250000	-0.150000	-0.220000
unaggressive	0.060000	-0.140000	-0.570000	0.350000	-0.070000
unagitated	0.040000	0.040000	-0.110000	0.040000	-0.780000
unambitious	0.000305	-0.326938	-0.263265	0.076836	-0.100102
unanalytical	-0.295927	-0.350755	0.020764	-0.046889	0.124855
unanxious	-0.070000	-0.020000	0.120000	-0.170000	-0.670000
unartistic	-0.532466	-0.072331	0.000906	-0.131946	0.006879
unassertive	-0.183765	-0.080330	-0.507985	-0.074596	0.256012
unassuming	0.160000	-0.140000	-0.180000	0.160000	-0.260000
unattractive	0.020000	-0.110000	-0.430000	-0.070000	-0.030000
unaware	-0.470000	-0.160000	0.190000	-0.130000	0.040000
unbold	-0.030000	-0.020000	-0.560000	0.180000	0.020000
uncharitable	-0.010000	0.000000	-0.140000	-0.380000	0.000000
uncommunicative	-0.010000	-0.070000	-0.520000	-0.180000	-0.080000
uncompetitive	0.140000	-0.180000	-0.370000	0.290000	-0.070000
uncontrolled	0.093170	-0.484349	0.003661	-0.193292	0.000688
unconventional	0.440000	-0.320000	0.030000	-0.020000	-0.100000
unconvincing	-0.180000	-0.200000	-0.450000	0.230000	0.050000
uncooperative	0.006929	-0.225915	-0.079569	-0.508259	0.070630
uncouth	-0.080000	-0.200000	0.020000	-0.280000	-0.180000
uncreative	-0.654119	0.026070	-0.205822	-0.064009	0.014970
uncultured	-0.466601	-0.233622	-0.038053	-0.103095	0.085799
uncurious	-0.483207	-0.041019	-0.150150	-0.136151	-0.128453
undemanding	0.000000	-0.130000	-0.230000	0.300000	-0.420000
undependable	-0.011980	-0.414998	-0.038078	-0.279294	-0.003540
underhanded	-0.160000	-0.080000	0.080000	-0.290000	-0.050000
understanding	0.045505	0.039085	0.013709	0.531692	-0.030409
undisciplined	-0.026339	-0.599877	-0.025405	-0.194349	-0.082113
undistinctive	-0.190000	-0.090000	-0.530000	0.000000	0.150000
uneasy	0.040000	-0.170000	-0.290000	-0.060000	0.470000
unemotional	-0.022715	0.073268	-0.147185	-0.357704	-0.437088
unenergetic	0.017459	-0.177713	-0.650500	-0.100310	0.042505
unenthusiastic	-0.161921	-0.176325	-0.543570	-0.167828	0.086896
unenvious	0.080000	0.000000	-0.030000	0.000000	-0.680000
unexcitable	0.097282	0.037273	-0.233665	-0.296335	-0.322751
unfair	-0.111283	-0.311924	-0.024490	-0.431547	0.161283
unfaithful	-0.120000	-0.180000	-0.120000	-0.420000	0.170000
unforgiving	0.090000	-0.020000	-0.120000	-0.340000	0.130000
unfriendly	0.150000	-0.030000	-0.400000	-0.280000	-0.010000
ungracious	0.010000	-0.190000	-0.160000	-0.290000	-0.150000
unhappy	0.090000	-0.200000	-0.470000	0.130000	0.210000
unimaginative	-0.474710	0.099908	-0.203241	-0.071008	-0.030483
uninhibited	0.150239	-0.229154	0.472329	-0.024495	-0.143981
uninquisitive	-0.350000	0.000000	-0.210000	-0.030000	-0.140000
unintellectual	-0.428745	-0.166229	-0.056619	0.065823	-0.075598
unintelligent	-0.451814	-0.163480	-0.136127	0.034927	0.099297
unkind	-0.065422	-0.138833	-0.141774	-0.569381	-0.033842
unlikeable	0.140000	-0.040000	-0.400000	-0.170000	0.120000
unmerciful	-0.250000	-0.210000	0.000000	-0.370000	-0.250000
unnervous	0.130000	0.050000	0.060000	0.010000	-0.830000
unobservant	-0.230000	-0.240000	-0.120000	0.040000	-0.120000
unorderly	-0.130000	-0.720000	0.020000	0.010000	0.040000
unphilosophical	-0.740000	0.050000	0.030000	-0.010000	-0.050000
unpredictable	0.230000	-0.170000	0.100000	0.030000	0.120000
unpretentious	-0.030000	-0.290000	-0.320000	0.140000	0.130000
unprincipled	-0.180000	-0.560000	-0.140000	0.020000	-0.080000
unrefined	-0.386265	-0.297170	-0.045887	-0.202188	0.038226
unreflective	-0.445396	-0.396756	0.085623	-0.149095	0.041397
unreliable	0.010000	-0.510000	0.020000	-0.180000	-0.010000
unrestrained	-0.020000	-0.170000	0.430000	-0.010000	-0.100000
unruly	-0.020000	-0.250000	0.220000	-0.260000	-0.070000
unscrupulous	-0.206976	-0.055872	0.038720	-0.262273	-0.000464
unselfish	0.000780	0.072282	-0.005544	0.428895	-0.219772
unsociable	0.027466	-0.034702	-0.562183	-0.342384	0.023367
unsophisticated	-0.255166	-0.126131	-0.160106	0.112974	-0.092333
unstable	0.029444	-0.380588	-0.143159	-0.139530	0.345570
unsympathetic	-0.048974	-0.009012	-0.068627	-0.570363	-0.109621
unsystematic	-0.002466	-0.638960	-0.003507	-0.027669	-0.002081
untalkative	0.040000	0.060000	-0.710000	-0.110000	-0.040000
untidy	0.012623	-0.553104	0.011650	0.033251	0.043517
untroubled	-0.302678	0.092113	0.219754	0.069877	-0.031794
unworried	0.130000	0.010000	0.180000	-0.120000	-0.540000
vague	-0.070000	-0.280000	-0.280000	0.030000	0.110000
vain	0.160000	-0.130000	0.050000	-0.230000	0.210000
verbal	0.110000	-0.080000	0.530000	-0.030000	0.050000
versatile	0.270000	0.090000	0.160000	0.120000	-0.230000
vigorous	0.003444	0.127712	0.423759	0.069515	-0.096783
vindictive	-0.068021	0.082878	0.037437	-0.334834	0.095803
vivacious	0.100000	0.000000	0.440000	0.310000	0.030000
volatile	-0.030000	-0.080000	0.080000	-0.050000	0.220000
vulnerable	0.020925	0.011938	0.024537	0.143700	0.324626
warm	0.027446	0.045841	0.230215	0.570514	0.042737
wary	0.180000	0.070000	-0.250000	-0.060000	0.090000
wasteful	-0.031684	-0.320000	0.066735	-0.088622	0.069796
weak	0.110000	-0.160000	-0.470000	0.050000	0.070000
weariless	0.060000	0.080000	0.180000	-0.010000	-0.230000
well-mannered	-0.118943	0.314349	-0.042359	0.443170	0.075160
well-organized	-0.160000	0.530000	-0.040000	0.040000	-0.040000
whiny	-0.010000	-0.112599	0.007313	-0.103700	0.551762
wise	0.280000	0.300000	0.080000	0.070000	-0.210000
wishy-washy	-0.060000	-0.330000	-0.260000	0.070000	0.140000
withdrawn	0.010247	-0.051242	-0.375405	-0.064187	0.088962
witty	0.210000	-0.030000	0.240000	-0.010000	-0.150000
wordy	0.040000	-0.090000	0.260000	0.000000	0.170000
worldly	0.240000	0.090000	0.200000	-0.040000	-0.040000
worried	-0.200000	0.060000	-0.300000	0.050000	0.610000
worriless	0.110000	-0.180000	0.160000	-0.010000	-0.580000
worrying	-0.051335	0.314293	-0.092341	-0.046673	0.388376
yielding	-0.220000	-0.170000	-0.190000	0.380000	-0.020000
zealous	-0.005417	0.212790	0.248219	0.138786	0.021074
